peripherique : AMD Radeon R9 M295X

########## reference RGBA8Unorm
  releve 1 :
    +0x00 80 10 00 78 60 04 00 00  21 d9 7c 49 f8 ff 1d 01 
    +0x10 84 14 00 00 00 00 01 00  44 00 00 00 00 00 00 00 
    +0x20 44 00 00 00 00 00 00 00  00 00 00 00 00 00 00 00 
    +0x30 00 00 00 00 00 00 00 00  2f 76 61 72 2f 66 6f 6c 
  releve 2 :
    +0x00 80 10 00 78 60 04 00 00  21 d9 7c 49 f8 ff 1d 01 
    +0x10 84 14 00 00 00 00 01 00  44 00 00 00 00 00 00 00 
    +0x20 44 00 00 00 00 00 00 00  00 00 00 00 00 00 00 00 
    +0x30 00 00 00 00 00 00 00 00  2f 76 61 72 2f 66 6f 6c 

########## format BGRA8Unorm
  releve 3 :
    +0x00 80 10 00 78 00 05 00 00  66 76 34 27 f8 7f 00 00 
    +0x10 9a 2f 6e 00 00 00 00 00  00 00 00 00 00 00 00 00 
    +0x20 00 00 00 00 00 00 00 00  f2 15 34 27 f8 7f 00 00 
    +0x30 81 43 45 0e f9 7f 00 00  01 00 00 00 00 00 00 00 
  releve 4 :
    +0x00 80 10 00 78 00 05 00 00  66 76 34 27 f8 7f 00 00 
    +0x10 9a 2f 6e 00 00 00 00 00  00 00 00 00 00 00 00 00 
    +0x20 00 00 00 00 00 00 00 00  f2 15 34 27 f8 7f 00 00 
    +0x30 81 43 45 0e f9 7f 00 00  01 00 00 00 00 00 00 00 

########## format RGBA8Unorm_sRGB
  releve 5 :
    +0x00 80 10 00 78 70 04 00 00  66 76 34 27 f8 7f 00 00 
    +0x10 9a 2f 6e 00 00 00 00 00  00 00 00 00 00 00 00 00 
    +0x20 00 00 00 00 00 00 00 00  f2 15 34 27 f8 7f 00 00 
    +0x30 81 43 45 0e f9 7f 00 00  01 00 00 00 00 00 00 00 
  releve 6 :
    +0x00 80 10 00 78 70 04 00 00  66 76 34 27 f8 7f 00 00 
    +0x10 9a 2f 6e 00 00 00 00 00  00 00 00 00 00 00 00 00 
    +0x20 00 00 00 00 00 00 00 00  f2 15 34 27 f8 7f 00 00 
    +0x30 81 43 45 0e f9 7f 00 00  01 00 00 00 00 00 00 00 

########## format BGRA8Unorm_sRGB
  releve 7 :
    +0x00 80 10 00 78 10 05 00 00  66 76 34 27 f8 7f 00 00 
    +0x10 9a 2f 6e 00 00 00 00 00  00 00 00 00 00 00 00 00 
    +0x20 00 00 00 00 00 00 00 00  f2 15 34 27 f8 7f 00 00 
    +0x30 81 43 45 0e f9 7f 00 00  01 00 00 00 00 00 00 00 
  releve 8 :
    +0x00 80 10 00 78 10 05 00 00  66 76 34 27 f8 7f 00 00 
    +0x10 9a 2f 6e 00 00 00 00 00  00 00 00 00 00 00 00 00 
    +0x20 00 00 00 00 00 00 00 00  f2 15 34 27 f8 7f 00 00 
    +0x30 81 43 45 0e f9 7f 00 00  01 00 00 00 00 00 00 00 

########## format RGBA16Float
  releve 9 :
    +0x00 80 10 00 78 30 07 00 00  66 76 34 27 f8 7f 00 00 
    +0x10 9a 2f 6e 00 00 00 00 00  00 00 00 00 00 00 00 00 
    +0x20 00 00 00 00 00 00 00 00  f2 15 34 27 f8 7f 00 00 
    +0x30 81 43 45 0e f9 7f 00 00  01 00 00 00 00 00 00 00 
  releve 10 :
    +0x00 80 10 00 78 30 07 00 00  66 76 34 27 f8 7f 00 00 
    +0x10 9a 2f 6e 00 00 00 00 00  00 00 00 00 00 00 00 00 
    +0x20 00 00 00 00 00 00 00 00  f2 15 34 27 f8 7f 00 00 
    +0x30 81 43 45 0e f9 7f 00 00  01 00 00 00 00 00 00 00 

########## format RGBA32Float
  releve 11 :
    +0x00 80 10 00 78 d0 07 00 00  66 76 34 27 f8 7f 00 00 
    +0x10 9a 2f 6e 00 00 00 00 00  00 00 00 00 00 00 00 00 
    +0x20 00 00 00 00 00 00 00 00  f2 15 34 27 f8 7f 00 00 
    +0x30 81 43 45 0e f9 7f 00 00  01 00 00 00 00 00 00 00 
  releve 12 :
    +0x00 80 10 00 78 d0 07 00 00  66 76 34 27 f8 7f 00 00 
    +0x10 9a 2f 6e 00 00 00 00 00  00 00 00 00 00 00 00 00 
    +0x20 00 00 00 00 00 00 00 00  f2 15 34 27 f8 7f 00 00 
    +0x30 81 43 45 0e f9 7f 00 00  01 00 00 00 00 00 00 00 

########## format R8Unorm
  releve 13 :
    +0x00 80 10 00 78 a0 00 00 00  0f 00 00 00 0f 00 00 00 
    +0x10 01 00 01 20 01 00 01 20  01 00 01 20 01 00 01 20 
    +0x20 01 00 01 20 01 00 01 20  01 00 01 20 01 00 01 20 
    +0x30 10 00 cc 00 00 00 00 00  80 00 00 00 01 11 30 00 
  releve 14 :
    +0x00 80 10 00 78 a0 00 00 00  0f 00 00 00 0f 00 00 00 
    +0x10 01 00 01 20 01 00 01 20  01 00 01 20 01 00 01 20 
    +0x20 01 00 01 20 01 00 01 20  01 00 01 20 01 00 01 20 
    +0x30 10 00 cc 00 00 00 00 00  80 00 00 00 01 11 30 00 

########## format RG8Unorm
  releve 15 :
    +0x00 80 10 00 78 e0 01 00 00  28 00 00 00 10 10 00 00 
    +0x10 00 00 00 00 00 00 00 00  20 00 00 00 00 00 00 00 
    +0x20 00 00 00 00 00 00 00 00  00 00 00 00 00 00 00 00 
    +0x30 00 00 00 00 00 00 00 00  00 00 00 00 00 00 00 b0 
  releve 16 :
    +0x00 80 10 00 78 e0 01 00 00  00 00 00 00 00 00 00 00 
    +0x10 00 00 00 00 00 00 00 00  00 00 00 00 00 00 00 00 
    +0x20 00 00 00 00 00 00 00 00  00 00 00 00 00 00 00 00 
    +0x30 00 00 00 00 00 00 00 00  00 00 00 00 00 00 00 b0 

########## format R16Float
  releve 17 :
    +0x00 80 10 00 78 90 01 00 00  66 76 34 27 f8 7f 00 00 
    +0x10 9a 2f 6e 00 00 00 00 00  00 00 00 00 00 00 00 00 
    +0x20 00 00 00 00 00 00 00 00  f2 15 34 27 f8 7f 00 00 
    +0x30 81 43 45 0e f9 7f 00 00  01 00 00 00 00 00 00 00 
  releve 18 :
    +0x00 80 10 00 78 90 01 00 00  66 76 34 27 f8 7f 00 00 
    +0x10 9a 2f 6e 00 00 00 00 00  00 00 00 00 00 00 00 00 
    +0x20 00 00 00 00 00 00 00 00  f2 15 34 27 f8 7f 00 00 
    +0x30 81 43 45 0e f9 7f 00 00  01 00 00 00 00 00 00 00 

########## format RGB10A2Unorm
  releve 19 :
    +0x00 80 10 00 78 a0 05 00 00  66 76 34 27 f8 7f 00 00 
    +0x10 9a 2f 6e 00 00 00 00 00  00 00 00 00 00 00 00 00 
    +0x20 00 00 00 00 00 00 00 00  f2 15 34 27 f8 7f 00 00 
    +0x30 81 43 45 0e f9 7f 00 00  01 00 00 00 00 00 00 00 
  releve 20 :
    +0x00 80 10 00 78 a0 05 00 00  66 76 34 27 f8 7f 00 00 
    +0x10 9a 2f 6e 00 00 00 00 00  00 00 00 00 00 00 00 00 
    +0x20 00 00 00 00 00 00 00 00  f2 15 34 27 f8 7f 00 00 
    +0x30 81 43 45 0e f9 7f 00 00  01 00 00 00 00 00 00 00 

########## format BGR10A2Unorm
  releve 21 :
    +0x00 80 10 00 78 e0 05 00 00  66 76 34 27 f8 7f 00 00 
    +0x10 9a 2f 6e 00 00 00 00 00  00 00 00 00 00 00 00 00 
    +0x20 00 00 00 00 00 00 00 00  f2 15 34 27 f8 7f 00 00 
    +0x30 81 43 45 0e f9 7f 00 00  01 00 00 00 00 00 00 00 
  releve 22 :
    +0x00 80 10 00 78 e0 05 00 00  66 76 34 27 f8 7f 00 00 
    +0x10 9a 2f 6e 00 00 00 00 00  00 00 00 00 00 00 00 00 
    +0x20 00 00 00 00 00 00 00 00  f2 15 34 27 f8 7f 00 00 
    +0x30 81 43 45 0e f9 7f 00 00  01 00 00 00 00 00 00 00 

########## format RG11B10Float
  releve 23 :
    +0x00 80 10 00 78 c0 05 00 00  66 76 34 27 f8 7f 00 00 
    +0x10 9a 2f 6e 00 00 00 00 00  00 00 00 00 00 00 00 00 
    +0x20 00 00 00 00 00 00 00 00  f2 15 34 27 f8 7f 00 00 
    +0x30 81 43 45 0e f9 7f 00 00  01 00 00 00 00 00 00 00 
  releve 24 :
    +0x00 80 10 00 78 c0 05 00 00  66 76 34 27 f8 7f 00 00 
    +0x10 9a 2f 6e 00 00 00 00 00  00 00 00 00 00 00 00 00 
    +0x20 00 00 00 00 00 00 00 00  f2 15 34 27 f8 7f 00 00 
    +0x30 81 43 45 0e f9 7f 00 00  01 00 00 00 00 00 00 00 

########## format RGBA16Snorm
  releve 25 :
    +0x00 80 10 00 78 00 07 00 00  66 76 34 27 f8 7f 00 00 
    +0x10 9a 2f 6e 00 00 00 00 00  00 00 00 00 00 00 00 00 
    +0x20 00 00 00 00 00 00 00 00  f2 15 34 27 f8 7f 00 00 
    +0x30 81 43 45 0e f9 7f 00 00  01 00 00 00 00 00 00 00 
  releve 26 :
    +0x00 80 10 00 78 00 07 00 00  66 76 34 27 f8 7f 00 00 
    +0x10 9a 2f 6e 00 00 00 00 00  00 00 00 00 00 00 00 00 
    +0x20 00 00 00 00 00 00 00 00  f2 15 34 27 f8 7f 00 00 
    +0x30 81 43 45 0e f9 7f 00 00  01 00 00 00 00 00 00 00 

########## masque d'ecriture 0x0
  releve 27 :
    +0x00 80 10 00 00 60 04 00 00  18 c3 7b 49 f8 7f 00 00 
    +0x10 01 00 00 00 01 00 00 00  00 00 00 00 00 00 00 00 
    +0x20 00 00 00 00 01 00 00 00  03 3c 00 00 03 2d 00 00 
    +0x30 03 3b 00 00 03 3b 00 00  07 63 6f 6d 2e 61 70 70 
  releve 28 :
    +0x00 80 10 00 00 60 04 00 00  18 c3 7b 49 f8 7f 00 00 
    +0x10 01 00 00 00 01 00 00 00  00 00 00 00 00 00 00 00 
    +0x20 00 00 00 00 01 00 00 00  03 3c 00 00 03 2d 00 00 
    +0x30 03 3b 00 00 03 3b 00 00  07 63 6f 6d 2e 61 70 70 

########## masque d'ecriture 0x1
  releve 29 :
    +0x00 80 10 00 08 60 04 00 00  18 c3 7b 49 f8 7f 00 00 
    +0x10 01 00 00 00 01 00 00 00  00 00 00 00 00 00 00 00 
    +0x20 00 00 00 00 01 00 00 00  03 3c 00 00 03 2d 00 00 
    +0x30 03 3b 00 00 03 3b 00 00  07 63 6f 6d 2e 61 70 70 
  releve 30 :
    +0x00 80 10 00 08 60 04 00 00  18 c3 7b 49 f8 7f 00 00 
    +0x10 01 00 00 00 01 00 00 00  00 00 00 00 00 00 00 00 
    +0x20 00 00 00 00 01 00 00 00  03 3c 00 00 03 2d 00 00 
    +0x30 03 3b 00 00 03 3b 00 00  07 63 6f 6d 2e 61 70 70 

########## masque d'ecriture 0x2
  releve 31 :
    +0x00 80 10 00 10 60 04 00 00  08 00 00 00 0f 00 00 00 
    +0x10 01 00 01 20 01 00 01 20  01 00 01 20 01 00 01 20 
    +0x20 01 00 01 20 01 00 01 20  01 00 01 20 01 00 01 20 
    +0x30 10 00 cc 00 00 00 00 00  80 00 00 00 01 11 30 00 
  releve 32 :
    +0x00 80 10 00 10 60 04 00 00  08 00 00 00 0f 00 00 00 
    +0x10 01 00 01 20 01 00 01 20  01 00 01 20 01 00 01 20 
    +0x20 01 00 01 20 01 00 01 20  01 00 01 20 01 00 01 20 
    +0x30 10 00 cc 00 00 00 00 00  80 00 00 00 01 11 30 00 

########## masque d'ecriture 0x3
  releve 33 :
    +0x00 80 10 00 18 60 04 00 00  08 00 00 00 0f 00 00 00 
    +0x10 01 00 01 20 01 00 01 20  01 00 01 20 01 00 01 20 
    +0x20 01 00 01 20 01 00 01 20  01 00 01 20 01 00 01 20 
    +0x30 10 00 cc 00 00 00 00 00  80 00 00 00 01 11 30 00 
  releve 34 :
    +0x00 80 10 00 18 60 04 00 00  08 00 00 00 0f 00 00 00 
    +0x10 01 00 01 20 01 00 01 20  01 00 01 20 01 00 01 20 
    +0x20 01 00 01 20 01 00 01 20  01 00 01 20 01 00 01 20 
    +0x30 10 00 cc 00 00 00 00 00  80 00 00 00 01 11 30 00 

########## masque d'ecriture 0x4
  releve 35 :
    +0x00 80 10 00 20 60 04 00 00  f0 cf 7b 49 f8 7f 00 00 
    +0x10 01 00 00 00 01 00 00 00  ef cd ab 89 ff ff ff ff 
    +0x20 c0 e2 7b 49 f8 7f 00 00  00 00 00 00 00 00 00 00 
    +0x30 00 00 00 00 00 00 00 00  00 00 00 00 01 00 00 00 
  releve 36 :
    +0x00 80 10 00 20 60 04 00 00  f0 cf 7b 49 f8 7f 00 00 
    +0x10 01 00 00 00 01 00 00 00  ef cd ab 89 ff ff ff ff 
    +0x20 c0 e2 7b 49 f8 7f 00 00  00 00 00 00 00 00 00 00 
    +0x30 00 00 00 00 00 00 00 00  00 00 00 00 01 00 00 00 

########## masque d'ecriture 0x5
  releve 37 :
    +0x00 80 10 00 28 60 04 00 00  f0 cf 7b 49 f8 7f 00 00 
    +0x10 01 00 00 00 01 00 00 00  ef cd ab 89 ff ff ff ff 
    +0x20 c0 e2 7b 49 f8 7f 00 00  00 00 00 00 00 00 00 00 
    +0x30 00 00 00 00 00 00 00 00  00 00 00 00 01 00 00 00 
  releve 38 :
    +0x00 80 10 00 28 60 04 00 00  f0 cf 7b 49 f8 7f 00 00 
    +0x10 01 00 00 00 01 00 00 00  ef cd ab 89 ff ff ff ff 
    +0x20 c0 e2 7b 49 f8 7f 00 00  00 00 00 00 00 00 00 00 
    +0x30 00 00 00 00 00 00 00 00  00 00 00 00 01 00 00 00 

########## masque d'ecriture 0x6
  releve 39 :
    +0x00 80 10 00 30 60 04 00 00  f0 cf 7b 49 f8 7f 00 00 
    +0x10 01 00 00 00 01 00 00 00  ef cd ab 89 ff ff ff ff 
    +0x20 c0 e2 7b 49 f8 7f 00 00  00 00 00 00 00 00 00 00 
    +0x30 00 00 00 00 00 00 00 00  00 00 00 00 01 00 00 00 
  releve 40 :
    +0x00 80 10 00 30 60 04 00 00  f0 cf 7b 49 f8 7f 00 00 
    +0x10 01 00 00 00 01 00 00 00  ef cd ab 89 ff ff ff ff 
    +0x20 c0 e2 7b 49 f8 7f 00 00  00 00 00 00 00 00 00 00 
    +0x30 00 00 00 00 00 00 00 00  00 00 00 00 01 00 00 00 

########## masque d'ecriture 0x7
  releve 41 :
    +0x00 80 10 00 38 60 04 00 00  f0 cf 7b 49 f8 7f 00 00 
    +0x10 01 00 00 00 01 00 00 00  ef cd ab 89 ff ff ff ff 
    +0x20 c0 e2 7b 49 f8 7f 00 00  00 00 00 00 00 00 00 00 
    +0x30 00 00 00 00 00 00 00 00  00 00 00 00 01 00 00 00 
  releve 42 :
    +0x00 80 10 00 38 60 04 00 00  f0 cf 7b 49 f8 7f 00 00 
    +0x10 01 00 00 00 01 00 00 00  ef cd ab 89 ff ff ff ff 
    +0x20 c0 e2 7b 49 f8 7f 00 00  00 00 00 00 00 00 00 00 
    +0x30 00 00 00 00 00 00 00 00  00 00 00 00 01 00 00 00 

########## masque d'ecriture 0x8
  releve 43 :
    +0x00 80 10 00 40 60 04 00 00  f0 cf 7b 49 f8 7f 00 00 
    +0x10 01 00 00 00 01 00 00 00  ef cd ab 89 ff ff ff ff 
    +0x20 c0 e2 7b 49 f8 7f 00 00  00 00 00 00 00 00 00 00 
    +0x30 00 00 00 00 00 00 00 00  00 00 00 00 01 00 00 00 
  releve 44 :
    +0x00 80 10 00 40 60 04 00 00  f0 cf 7b 49 f8 7f 00 00 
    +0x10 01 00 00 00 01 00 00 00  ef cd ab 89 ff ff ff ff 
    +0x20 c0 e2 7b 49 f8 7f 00 00  00 00 00 00 00 00 00 00 
    +0x30 00 00 00 00 00 00 00 00  00 00 00 00 01 00 00 00 

########## masque d'ecriture 0x9
  releve 45 :
    +0x00 80 10 00 48 60 04 00 00  f0 cf 7b 49 f8 7f 00 00 
    +0x10 01 00 00 00 01 00 00 00  ef cd ab 89 ff ff ff ff 
    +0x20 c0 e2 7b 49 f8 7f 00 00  00 00 00 00 00 00 00 00 
    +0x30 00 00 00 00 00 00 00 00  00 00 00 00 01 00 00 00 
  releve 46 :
    +0x00 80 10 00 48 60 04 00 00  f0 cf 7b 49 f8 7f 00 00 
    +0x10 01 00 00 00 01 00 00 00  ef cd ab 89 ff ff ff ff 
    +0x20 c0 e2 7b 49 f8 7f 00 00  00 00 00 00 00 00 00 00 
    +0x30 00 00 00 00 00 00 00 00  00 00 00 00 01 00 00 00 

########## masque d'ecriture 0xa
  releve 47 :
    +0x00 80 10 00 50 60 04 00 00  f0 cf 7b 49 f8 7f 00 00 
    +0x10 01 00 00 00 01 00 00 00  ef cd ab 89 ff ff ff ff 
    +0x20 c0 e2 7b 49 f8 7f 00 00  00 00 00 00 00 00 00 00 
    +0x30 00 00 00 00 00 00 00 00  00 00 00 00 01 00 00 00 
  releve 48 :
    +0x00 80 10 00 50 60 04 00 00  f0 cf 7b 49 f8 7f 00 00 
    +0x10 01 00 00 00 01 00 00 00  ef cd ab 89 ff ff ff ff 
    +0x20 c0 e2 7b 49 f8 7f 00 00  00 00 00 00 00 00 00 00 
    +0x30 00 00 00 00 00 00 00 00  00 00 00 00 01 00 00 00 

########## masque d'ecriture 0xb
  releve 49 :
    +0x00 80 10 00 58 60 04 00 00  f0 cf 7b 49 f8 7f 00 00 
    +0x10 01 00 00 00 01 00 00 00  ef cd ab 89 ff ff ff ff 
    +0x20 c0 e2 7b 49 f8 7f 00 00  00 00 00 00 00 00 00 00 
    +0x30 00 00 00 00 00 00 00 00  00 00 00 00 01 00 00 00 
  releve 50 :
    +0x00 80 10 00 58 60 04 00 00  f0 cf 7b 49 f8 7f 00 00 
    +0x10 01 00 00 00 01 00 00 00  ef cd ab 89 ff ff ff ff 
    +0x20 c0 e2 7b 49 f8 7f 00 00  00 00 00 00 00 00 00 00 
    +0x30 00 00 00 00 00 00 00 00  00 00 00 00 01 00 00 00 

########## masque d'ecriture 0xc
  releve 51 :
    +0x00 80 10 00 60 60 04 00 00  f0 cf 7b 49 f8 7f 00 00 
    +0x10 01 00 00 00 01 00 00 00  ef cd ab 89 ff ff ff ff 
    +0x20 c0 e2 7b 49 f8 7f 00 00  00 00 00 00 00 00 00 00 
    +0x30 00 00 00 00 00 00 00 00  00 00 00 00 01 00 00 00 
  releve 52 :
    +0x00 80 10 00 60 60 04 00 00  f0 cf 7b 49 f8 7f 00 00 
    +0x10 01 00 00 00 01 00 00 00  ef cd ab 89 ff ff ff ff 
    +0x20 c0 e2 7b 49 f8 7f 00 00  00 00 00 00 00 00 00 00 
    +0x30 00 00 00 00 00 00 00 00  00 00 00 00 01 00 00 00 

########## masque d'ecriture 0xd
  releve 53 :
    +0x00 80 10 00 68 60 04 00 00  f0 cf 7b 49 f8 7f 00 00 
    +0x10 01 00 00 00 01 00 00 00  ef cd ab 89 ff ff ff ff 
    +0x20 c0 e2 7b 49 f8 7f 00 00  00 00 00 00 00 00 00 00 
    +0x30 00 00 00 00 00 00 00 00  00 00 00 00 01 00 00 00 
  releve 54 :
    +0x00 80 10 00 68 60 04 00 00  f0 cf 7b 49 f8 7f 00 00 
    +0x10 01 00 00 00 01 00 00 00  ef cd ab 89 ff ff ff ff 
    +0x20 c0 e2 7b 49 f8 7f 00 00  00 00 00 00 00 00 00 00 
    +0x30 00 00 00 00 00 00 00 00  00 00 00 00 01 00 00 00 

########## masque d'ecriture 0xe
  releve 55 :
    +0x00 80 10 00 70 60 04 00 00  f0 cf 7b 49 f8 7f 00 00 
    +0x10 01 00 00 00 01 00 00 00  ef cd ab 89 ff ff ff ff 
    +0x20 c0 e2 7b 49 f8 7f 00 00  00 00 00 00 00 00 00 00 
    +0x30 00 00 00 00 00 00 00 00  00 00 00 00 01 00 00 00 
  releve 56 :
    +0x00 80 10 00 70 60 04 00 00  f0 cf 7b 49 f8 7f 00 00 
    +0x10 01 00 00 00 01 00 00 00  ef cd ab 89 ff ff ff ff 
    +0x20 c0 e2 7b 49 f8 7f 00 00  00 00 00 00 00 00 00 00 
    +0x30 00 00 00 00 00 00 00 00  00 00 00 00 01 00 00 00 

########## masque d'ecriture 0xf
  releve 57 :
    +0x00 80 10 00 78 60 04 00 00  f0 cf 7b 49 f8 7f 00 00 
    +0x10 01 00 00 00 01 00 00 00  ef cd ab 89 ff ff ff ff 
    +0x20 c0 e2 7b 49 f8 7f 00 00  00 00 00 00 00 00 00 00 
    +0x30 00 00 00 00 00 00 00 00  00 00 00 00 01 00 00 00 
  releve 58 :
    +0x00 80 10 00 78 60 04 00 00  f0 cf 7b 49 f8 7f 00 00 
    +0x10 01 00 00 00 01 00 00 00  ef cd ab 89 ff ff ff ff 
    +0x20 c0 e2 7b 49 f8 7f 00 00  00 00 00 00 00 00 00 00 
    +0x30 00 00 00 00 00 00 00 00  00 00 00 00 01 00 00 00 

########## melange add, srcAlpha/oneMinusSrcAlpha
  releve 59 :
    +0x00 01 12 0a 78 60 04 00 00  f0 cf 7b 49 f8 7f 00 00 
    +0x10 01 00 00 00 01 00 00 00  ef cd ab 89 ff ff ff ff 
    +0x20 c0 e2 7b 49 f8 7f 00 00  00 00 00 00 00 00 00 00 
    +0x30 00 00 00 00 00 00 00 00  00 00 00 00 01 00 00 00 
  releve 60 :
    +0x00 01 12 0a 78 60 04 00 00  f0 cf 7b 49 f8 7f 00 00 
    +0x10 01 00 00 00 01 00 00 00  ef cd ab 89 ff ff ff ff 
    +0x20 c0 e2 7b 49 f8 7f 00 00  00 00 00 00 00 00 00 00 
    +0x30 00 00 00 00 00 00 00 00  00 00 00 00 01 00 00 00 

########## melange subtract, one/zero
  releve 61 :
    +0x00 83 10 00 78 60 04 00 00  f0 cf 7b 49 f8 7f 00 00 
    +0x10 01 00 00 00 01 00 00 00  ef cd ab 89 ff ff ff ff 
    +0x20 c0 e2 7b 49 f8 7f 00 00  00 00 00 00 00 00 00 00 
    +0x30 00 00 00 00 00 00 00 00  00 00 00 00 01 00 00 00 
  releve 62 :
    +0x00 83 10 00 78 60 04 00 00  f0 cf 7b 49 f8 7f 00 00 
    +0x10 01 00 00 00 01 00 00 00  ef cd ab 89 ff ff ff ff 
    +0x20 c0 e2 7b 49 f8 7f 00 00  00 00 00 00 00 00 00 00 
    +0x30 00 00 00 00 00 00 00 00  00 00 00 00 01 00 00 00 

########## melange reverseSubtract, dst/src
  releve 63 :
    +0x00 05 13 04 78 60 04 00 00  f0 cf 7b 49 f8 7f 00 00 
    +0x10 01 00 00 00 01 00 00 00  ef cd ab 89 ff ff ff ff 
    +0x20 c0 e2 7b 49 f8 7f 00 00  00 00 00 00 00 00 00 00 
    +0x30 00 00 00 00 00 00 00 00  00 00 00 00 01 00 00 00 
  releve 64 :
    +0x00 05 13 04 78 60 04 00 00  f0 cf 7b 49 f8 7f 00 00 
    +0x10 01 00 00 00 01 00 00 00  ef cd ab 89 ff ff ff ff 
    +0x20 c0 e2 7b 49 f8 7f 00 00  00 00 00 00 00 00 00 00 
    +0x30 00 00 00 00 00 00 00 00  00 00 00 00 01 00 00 00 

########## melange min
  releve 65 :
    +0x00 87 10 00 78 60 04 00 00  08 00 00 00 0f 00 00 00 
    +0x10 01 00 01 20 01 00 01 20  01 00 01 20 01 00 01 20 
    +0x20 01 00 01 20 01 00 01 20  01 00 01 20 01 00 01 20 
    +0x30 10 00 cc 00 00 00 00 00  80 00 00 00 01 11 30 00 
  releve 66 :
    +0x00 87 10 00 78 60 04 00 00  08 00 00 00 0f 00 00 00 
    +0x10 01 00 01 20 01 00 01 20  01 00 01 20 01 00 01 20 
    +0x20 01 00 01 20 01 00 01 20  01 00 01 20 01 00 01 20 
    +0x30 10 00 cc 00 00 00 00 00  80 00 00 00 01 11 30 00 

########## melange max
  releve 67 :
    +0x00 89 10 00 78 60 04 00 00  66 76 34 27 f8 7f 00 00 
    +0x10 9a 2f 6e 00 00 00 00 00  00 00 00 00 00 00 00 00 
    +0x20 00 00 00 00 00 00 00 00  f2 15 34 27 f8 7f 00 00 
    +0x30 81 43 45 0e f9 7f 00 00  01 00 00 00 00 00 00 00 
  releve 68 :
    +0x00 89 10 00 78 60 04 00 00  66 76 34 27 f8 7f 00 00 
    +0x10 9a 2f 6e 00 00 00 00 00  00 00 00 00 00 00 00 00 
    +0x20 00 00 00 00 00 00 00 00  f2 15 34 27 f8 7f 00 00 
    +0x30 81 43 45 0e f9 7f 00 00  01 00 00 00 00 00 00 00 

########## alpha separe : add / srcAlpha,zero
  releve 69 :
    +0x00 81 40 00 78 60 04 00 00  66 76 34 27 f8 7f 00 00 
    +0x10 9a 2f 6e 00 00 00 00 00  00 00 00 00 00 00 00 00 
    +0x20 00 00 00 00 00 00 00 00  f2 15 34 27 f8 7f 00 00 
    +0x30 81 43 45 0e f9 7f 00 00  01 00 00 00 00 00 00 00 
  releve 70 :
    +0x00 81 40 00 78 60 04 00 00  66 76 34 27 f8 7f 00 00 
    +0x10 9a 2f 6e 00 00 00 00 00  00 00 00 00 00 00 00 00 
    +0x20 00 00 00 00 00 00 00 00  f2 15 34 27 f8 7f 00 00 
    +0x30 81 43 45 0e f9 7f 00 00  01 00 00 00 00 00 00 00 

########## alpha separe : subtract / one,one
  releve 71 :
    +0x00 91 10 40 78 60 04 00 00  66 76 34 27 f8 7f 00 00 
    +0x10 9a 2f 6e 00 00 00 00 00  00 00 00 00 00 00 00 00 
    +0x20 00 00 00 00 00 00 00 00  f2 15 34 27 f8 7f 00 00 
    +0x30 81 43 45 0e f9 7f 00 00  01 00 00 00 00 00 00 00 
  releve 72 :
    +0x00 91 10 40 78 60 04 00 00  66 76 34 27 f8 7f 00 00 
    +0x10 9a 2f 6e 00 00 00 00 00  00 00 00 00 00 00 00 00 
    +0x20 00 00 00 00 00 00 00 00  f2 15 34 27 f8 7f 00 00 
    +0x30 81 43 45 0e f9 7f 00 00  01 00 00 00 00 00 00 00 

########## melange + masque rouge + BGRA
  releve 73 :
    +0x00 01 12 0a 40 00 05 00 00  66 76 34 27 f8 7f 00 00 
    +0x10 9a 2f 6e 00 00 00 00 00  00 00 00 00 00 00 00 00 
    +0x20 00 00 00 00 00 00 00 00  f2 15 34 27 f8 7f 00 00 
    +0x30 81 43 45 0e f9 7f 00 00  01 00 00 00 00 00 00 00 
  releve 74 :
    +0x00 01 12 0a 40 00 05 00 00  66 76 34 27 f8 7f 00 00 
    +0x10 9a 2f 6e 00 00 00 00 00  00 00 00 00 00 00 00 00 
    +0x20 00 00 00 00 00 00 00 00  f2 15 34 27 f8 7f 00 00 
    +0x30 81 43 45 0e f9 7f 00 00  01 00 00 00 00 00 00 00 
