[inject] mode=repack (fix)  shipped shim not present
[inject] observe : macOS 15.8 (Sequoia) — appel #1 depuis pilote Bronze — malloc_size=0
[dump] structure BRUTE, appelant pilote Bronze (592 octets)
[dump] +0x000 b0 7f 90 67 d0 7f 00 00  00 00 00 00 00 00 00 00 
[dump] +0x010 00 00 00 00 00 00 00 00  00 00 00 00 00 00 00 00 
[dump] +0x020 00 00 00 00 00 00 00 00  00 00 00 00 00 00 00 00 
[dump] +0x030 00 00 00 00 00 00 00 00  00 00 00 00 00 00 00 00 
[dump] +0x040 00 00 00 00 00 00 00 00  00 00 00 00 00 00 00 00 
[dump] +0x050 00 00 00 00 00 00 00 00  00 00 00 00 00 00 00 00 
[dump] +0x060 10 00 00 00 00 00 00 00  00 00 00 00 00 00 00 00 
[dump] +0x070 00 00 00 00 00 00 00 00  00 00 00 00 00 00 00 00 
[dump] +0x080 00 00 00 00 00 00 00 00  00 00 00 00 00 00 00 00 
[dump] +0x090 00 00 00 00 00 00 00 00  00 00 00 00 00 00 00 00 
[dump] +0x0a0 00 00 00 00 00 00 00 00  01 00 00 00 00 00 00 00 
[dump] +0x0b0 ff ff ff ff ff ff ff ff  00 00 80 3f 00 00 00 00 
[dump] +0x0c0 00 00 00 00 00 00 00 00  00 00 00 00 00 00 00 00 
[dump] +0x0d0 04 80 7f 00 00 00 00 00  00 00 00 00 00 00 00 00 
[dump] +0x0e0 00 00 00 00 00 00 00 00  00 00 00 00 00 00 00 00 
[dump] +0x0f0 10 a5 90 67 d0 7f 00 00  d0 a8 90 67 d0 7f 00 00 
[dump] +0x100 00 00 00 00 00 00 00 00  00 00 00 00 00 00 00 00 
[dump] +0x110 00 00 00 00 00 00 00 00  00 00 00 00 00 00 00 00 
[dump] +0x120 00 00 00 00 00 00 00 00  00 00 00 00 00 00 00 00 
[dump] +0x130 00 00 00 00 00 00 00 00  00 00 00 00 00 00 00 00 
[dump] +0x140 00 00 00 00 00 00 00 00  00 00 00 00 00 00 00 00 
[dump] +0x150 00 00 00 00 00 00 00 00  00 00 00 00 00 00 00 00 
[dump] +0x160 00 00 00 00 00 00 00 00  70 a1 90 67 d0 7f 00 00 
[dump] +0x170 10 a4 90 67 d0 7f 00 00  00 00 00 00 00 00 00 00 
[dump] +0x180 00 00 00 00 00 00 00 00  70 9f 90 67 d0 7f 00 00 
[dump] +0x190 70 a0 90 67 d0 7f 00 00  00 00 00 00 00 00 00 00 
[dump] +0x1a0 00 00 00 00 00 00 00 00  00 00 00 00 00 00 00 00 
[dump] +0x1b0 00 00 00 00 00 00 00 00  00 00 00 00 00 00 00 00 
[dump] +0x1c0 00 00 00 00 01 00 00 00  00 00 00 00 00 00 00 00 
[dump] +0x1d0 00 00 00 00 00 00 00 00  00 00 00 00 00 00 00 00 
[dump] +0x1e0 00 00 00 00 00 00 00 00  00 00 00 00 00 00 00 00 
[dump] +0x1f0 00 00 00 00 00 00 00 00  00 e1 78 5a f8 7f 00 00 
[dump] +0x200 00 e1 78 5a f8 7f 00 00  00 e1 78 5a f8 7f 00 00 
[dump] +0x210 00 e1 78 5a f8 7f 00 00  01 00 00 00 00 00 00 00 
[dump] +0x220 01 00 00 00 00 00 00 00  00 00 00 00 00 00 00 00 
[dump] +0x230 01 00 00 00 00 00 00 00  01 00 00 00 00 00 00 00 
[dump] +0x240 00 00 00 00 00 00 00 00  00 00 00 00 00 00 00 00 
[inject] render translations=3 compute translations=0
device       : AMD Radeon R9 M295X
low power    : 0 | removable : 0
ETAPE 1 clear : R=255 V=0 B=0 A=255  -> OK (rouge)
ETAPE 2 : shaders compiles OK
ETAPE 2 : pipeline cree OK
ETAPE 2 dessin : R=0 V=255 B=0 A=255  -> OK (vert, triangle dessine)
